15 0.116750 0.668239 0.147500 0.364780
15 0.272000 0.599057 0.056000 0.276730
15 0.184750 0.562500 0.069500 0.310535
15 0.378250 0.667060 0.051500 0.120283
15 0.450250 0.637186 0.068500 0.230346
15 0.495500 0.568396 0.061000 0.183962
15 0.583250 0.590409 0.036500 0.139937
15 0.629500 0.583726 0.051000 0.164308
15 0.713500 0.606918 0.051000 0.141509
15 0.686250 0.624607 0.047500 0.109277
15 0.798500 0.577044 0.028000 0.097484
15 0.815500 0.610456 0.028000 0.115566
15 0.849500 0.641509 0.040000 0.095912
15 0.869250 0.583726 0.025500 0.076258
15 0.884750 0.604560 0.030500 0.069182
15 0.906750 0.569182 0.025500 0.062893
15 0.947250 0.624214 0.035500 0.069182
